(POLYGON 82
   (DL 58.725 0.65 58.725 49.1 0 0 0 0)
   (DA 0.075 0 90 CCW 58.725 49.1 58.65 49.175 58.65 49.1)
   (DL 58.65 49.175 0.65001 49.175 0 0 0 0)
   (DA 0.075 90 180 CCW 0.65001 49.175 0.57501 49.1 0.65001 49.1)
   (DL 0.57501 49.1 0.57501 0.65 0 0 0 0)
   (DA 0.075 180 270 CCW 0.57501 0.65 0.65001 0.575 0.65001 0.65)
   (DL 0.65001 0.575 58.65 0.575 0 0 0 0)
   (DA 0.075 270 0 CCW 58.65 0.575 58.725 0.65 58.65 0.65)
)
(VOID 82
   (POLYGON 82
      (DA 0.0750004 2.8 300.052 CW 17.2756 34.4238 17.2383 34.3551 17.2007 34.4201)
      (DA 0.525003 119.9 205.55 CCW 17.2383 34.3551 17.0264 33.6736 17.5 33.9)
      (DA 0.0750011 25.4 244.248 CW 17.0264 33.6736 16.926 33.5739 16.9586 33.6414)
      (DA 0.524999 64.5 115.55 CCW 16.926 33.5739 16.4736 33.5736 16.7 33.1)
      (DA 0.0750011 295.4 154.248 CW 16.4736 33.5736 16.3739 33.674 16.4414 33.6414)
      (DA 0.525003 334.5 205.55 CCW 16.3739 33.674 15.4264 33.6736 15.9 33.9)
      (DA 0.0750011 25.4 244.248 CW 15.4264 33.6736 15.326 33.5739 15.3586 33.6414)
      (DA 0.524998 64.5 86.5687 CCW 15.326 33.5739 15.1314 33.624 15.1 33.1)
      (DA 0.0750022 266.5 177.033 CW 15.1314 33.624 15.0612 33.7028 15.136 33.6989)
      (DA 0.82035 356.7 359.944 CCW 15.0612 33.7028 15.0625 33.7492 14.2422 33.75)
      (DL 15.0625 33.7492 15.0625 33.7494 0 0 0 0)
      (DL 15.0625 33.7494 15.0643 34.247 0 0 0 0)
      (DL 15.0643 34.247 15.0643 34.2469 0 0 0 0)
      (DL 15.0643 34.2469 15.0643 34.2482 0 0 0 0)
      (DA 0.941053 0 45.0043 CCW 15.0643 34.2482 14.7886 34.9137 14.1232 34.2482)
      (DL 14.7886 34.9137 14.7626 34.9397 0 0 0 0)
      (DA 0.0750042 225 136.892 CW 14.7626 34.9397 14.7608 35.044 14.8156 34.9927)
      (DA 0.525004 317.3 133.452 CCW 14.7608 35.044 14.0139 35.7811 14.375 35.4)
      (DA 0.0750028 313.3 226.334 CW 14.0139 35.7811 13.9107 35.7815 13.9625 35.8357)
      (DA 0.525007 46.6 260.836 CCW 13.9107 35.7815 13.4664 34.8817 13.55 35.4)
      (DA 0.0749916 80.8 28.5766 CW 13.4664 34.8817 13.5202 34.8435 13.4544 34.8077)
      (DA 0.820357 209.7 225.005 CCW 13.5202 34.8435 13.6528 34.6699 14.2328 35.25)
      (DL 13.6528 34.6699 13.7177 34.605 0 0 0 0)
      (DA 0.0750102 45.054 293.026 CW 13.7177 34.605 13.694 34.4829 13.6647 34.5519)
      (DA 0.525005 113.1 254.585 CCW 13.694 34.4829 13.7604 33.4939 13.9 34)
      (DA 0.0750027 74.5 345.328 CW 13.7604 33.4939 13.8129 33.4026 13.7404 33.4216)
      (DA 0.82035 165.7 180 CCW 13.8129 33.4026 13.7875 33.2 14.6078 33.2)
      (DL 13.7875 33.2 13.7875 28.8611 0 0 0 0)
      (DA 0.0750004 0 248.958 CW 13.7875 28.8611 13.6856 28.7911 13.7125 28.8611)
      (DA 0.524999 69.3 115.55 CCW 13.6856 28.7911 13.2736 28.7736 13.5 28.3)
      (DA 0.0750011 295.4 154.248 CW 13.2736 28.7736 13.1739 28.874 13.2414 28.8414)
      (DA 0.525004 334.5 88.5771 CCW 13.1739 28.874 12.713 29.6248 12.7 29.1)
      (DA 0.075 268.5 180 CW 12.713 29.6248 12.64 29.6998 12.715 29.6998)
      (DL 12.64 29.6998 12.64 34.6708 0 0 0 0)
      (DA 0.0750057 180 140.826 CW 12.64 34.6708 12.6569 34.7182 12.715 34.6708)
      (DA 0.525007 320.8 76.651 CCW 12.6569 34.7182 12.3712 35.5608 12.25 35.05)
      (DA 0.074999 256.6 169.059 CW 12.3712 35.5608 12.315 35.648 12.3886 35.6338)
      (DA 0.525003 348.8 138.6 CCW 12.315 35.648 11.4062 36.0972 11.8 35.75)
      (DA 0.0750014 318.5 221.498 CW 11.4062 36.0972 11.2938 36.0972 11.35 36.1469)
      (DA 0.525003 41.4 138.6 CCW 11.2938 36.0972 10.5062 36.0972 10.9 35.75)
      (DA 0.0750014 318.5 221.498 CW 10.5062 36.0972 10.3938 36.0972 10.45 36.1469)
      (DA 0.525003 41.4 138.6 CCW 10.3938 36.0972 9.60617 36.0972 10 35.75)
      (DA 0.0750014 318.5 221.498 CW 9.60617 36.0972 9.49381 36.0972 9.55 36.1469)
      (DA 0.525003 41.4 138.6 CCW 9.49381 36.0972 8.70617 36.0972 9.1 35.75)
      (DA 0.0750014 318.5 221.498 CW 8.70617 36.0972 8.59381 36.0972 8.65 36.1469)
      (DA 0.525003 41.4 138.6 CCW 8.59381 36.0972 7.80617 36.0972 8.2 35.75)
      (DA 0.0750014 318.5 221.498 CW 7.80617 36.0972 7.69381 36.0972 7.75 36.1469)
      (DA 0.525003 41.4 138.6 CCW 7.69381 36.0972 6.90617 36.0972 7.3 35.75)
      (DA 0.0750014 318.5 221.498 CW 6.90617 36.0972 6.79381 36.0972 6.85 36.1469)
      (DA 0.525003 41.4 138.6 CCW 6.79381 36.0972 6.00617 36.0972 6.4 35.75)
      (DA 0.0750014 318.5 221.498 CW 6.00617 36.0972 5.89381 36.0972 5.95 36.1469)
      (DA 0.525003 41.4 138.6 CCW 5.89381 36.0972 5.10617 36.0972 5.5 35.75)
      (DA 0.0750014 318.5 221.498 CW 5.10617 36.0972 4.99381 36.0972 5.05 36.1469)
      (DA 0.525003 41.4 138.6 CCW 4.99381 36.0972 4.20617 36.0972 4.6 35.75)
      (DA 0.0750014 318.5 221.498 CW 4.20617 36.0972 4.09381 36.0972 4.15 36.1469)
      (DA 0.525003 41.4 138.6 CCW 4.09381 36.0972 3.30617 36.0972 3.7 35.75)
      (DA 0.0750014 318.5 221.498 CW 3.30617 36.0972 3.19381 36.0972 3.25 36.1469)
      (DA 0.525006 41.4 191.176 CCW 3.19381 36.0972 2.28496 35.6482 2.8 35.75)
      (DA 0.0749997 11.1 283.772 CW 2.28496 35.6482 2.22922 35.5609 2.21136 35.6338)
      (DA 0.525003 103.3 318.6 CCW 2.22922 35.5609 2.74383 34.7028 2.35 35.05)
      (DA 0.0750014 138.5 41.4983 CW 2.74383 34.7028 2.85619 34.7028 2.8 34.6531)
      (DA 0.525003 221.4 318.6 CCW 2.85619 34.7028 3.64383 34.7028 3.25 35.05)
      (DA 0.0750014 138.5 41.4983 CW 3.64383 34.7028 3.75619 34.7028 3.7 34.6531)
      (DA 0.525003 221.4 318.6 CCW 3.75619 34.7028 4.54383 34.7028 4.15 35.05)
      (DA 0.0750014 138.5 41.4983 CW 4.54383 34.7028 4.65618 34.7028 4.6 34.6531)
      (DA 0.525009 221.4 244.282 CCW 4.65618 34.7028 4.82219 34.577 5.05 35.05)
      (DA 0.0750053 64.2 352.195 CW 4.82219 34.577 4.86386 34.4993 4.78955 34.5095)
      (DA 0.49 172.8 180 CCW 4.86386 34.4993 4.86 34.4379 5.35 34.4379)
      (DL 4.86 34.4379 4.86 27.7532 0 0 0 0)
      (DA 0.0749989 0 281.374 CW 4.86 27.7532 4.7998 27.6796 4.785 27.7532)
      (DA 0.49 101.8 180 CCW 4.7998 27.6796 4.41 27.2 4.9 27.2)
      (DL 4.41 27.2 4.41 27 0 0 0 0)
      (DA 0.49001 180 228.794 CCW 4.41 27 4.5772 26.6313 4.9 27)
      (DA 0.0750037 48.7 310.685 CW 4.5772 26.6313 4.5766 26.5181 4.5277 26.575)
      (DA 0.49 131.3 180 CCW 4.5766 26.5181 4.41 26.15 4.9 26.15)
      (DL 4.41 26.15 4.41 25.9708 0 0 0 0)
      (DA 0.0749959 0 251.637 CW 4.41 25.9708 4.31136 25.8996 4.335 25.9708)
      (DA 0.525004 72.1 239.819 CCW 4.31136 25.8996 3.88606 24.9462 4.15 25.4)
      (DA 0.0750025 59.7 255.683 CW 3.88606 24.9462 3.82968 24.8087 3.84822 24.8814)
      (DA 0.525003 75.7 138.6 CCW 3.82968 24.8087 3.30617 24.6472 3.7 24.3)
      (DA 0.0750014 318.5 221.498 CW 3.30617 24.6472 3.19381 24.6472 3.25 24.6969)
      (DA 0.525006 41.4 191.176 CCW 3.19381 24.6472 2.28496 24.1982 2.8 24.3)
      (DA 0.0749997 11.1 283.772 CW 2.28496 24.1982 2.22922 24.1109 2.21136 24.1838)
      (DA 0.525003 103.3 318.6 CCW 2.22922 24.1109 2.74383 23.2528 2.35 23.6)
      (DA 0.0750014 138.5 41.4983 CW 2.74383 23.2528 2.85619 23.2528 2.8 23.2031)
      (DA 0.525004 221.4 11.1764 CCW 2.85619 23.2528 3.76504 23.7018 3.25 23.6)
      (DA 0.0749997 191.1 103.073 CW 3.76504 23.7018 3.82167 23.7893 3.83864 23.7162)
      (DA 0.525006 283.4 349.128 CCW 3.82167 23.7893 4.21557 24.201 3.7 24.3)
      (DA 0.0750055 169.1 58.8163 CW 4.21557 24.201 4.32803 24.2509 4.28922 24.1868)
      (DA 0.525007 238.8 323.941 CCW 4.32803 24.2509 5.0244 24.391 4.6 24.7)
      (DA 0.075 143.9 0 CW 5.0244 24.391 5.16 24.3468 5.085 24.3468)
      (DL 5.16 24.3468 5.16 24.049 0 0 0 0)
      (DA 0.074998 0 266.348 CW 5.16 24.049 5.08022 23.9741 5.085 24.049)
      (DA 0.525004 86.7 273.35 CCW 5.08022 23.9741 5.08068 22.9259 5.05 23.45)
      (DA 0.075 93.3 0 CW 5.08068 22.9259 5.16 22.851 5.085 22.851)
      (DL 5.16 22.851 5.16 22.4719 0 0 0 0)
      (DA 0.0749957 0 315.016 CW 5.16 22.4719 5.13803 22.4189 5.085 22.4719)
      (DL 5.13803 22.4189 5.00352 22.2844 0 0 0 0)
      (DA 0.49 134.998 180 CCW 5.00352 22.2844 4.86 21.9379 5.35 21.9379)
      (DL 4.86 21.9379 4.86 13.6208 0 0 0 0)
      (DA 0.0749959 0 252.337 CW 4.86 13.6208 4.76223 13.5493 4.785 13.6208)
      (DA 0.525003 72 138.6 CCW 4.76223 13.5493 4.20617 13.3972 4.6 13.05)
      (DA 0.0750014 318.5 221.498 CW 4.20617 13.3972 4.09381 13.3972 4.15 13.4469)
      (DA 0.525003 41.4 138.6 CCW 4.09381 13.3972 3.30617 13.3972 3.7 13.05)
      (DA 0.0750014 318.5 221.498 CW 3.30617 13.3972 3.19381 13.3972 3.25 13.4469)
      (DA 0.525006 41.4 191.176 CCW 3.19381 13.3972 2.28496 12.9482 2.8 13.05)
      (DA 0.0749997 11.1 283.772 CW 2.28496 12.9482 2.22922 12.8609 2.21136 12.9338)
      (DA 0.525003 103.3 318.6 CCW 2.22922 12.8609 2.74383 12.0028 2.35 12.35)
      (DA 0.0750014 138.5 41.4983 CW 2.74383 12.0028 2.85619 12.0028 2.8 11.9531)
      (DA 0.525003 221.4 318.6 CCW 2.85619 12.0028 3.64383 12.0028 3.25 12.35)
      (DA 0.0750014 138.5 41.4983 CW 3.64383 12.0028 3.75619 12.0028 3.7 11.9531)
      (DA 0.525003 221.4 318.6 CCW 3.75619 12.0028 4.54383 12.0028 4.15 12.35)
      (DA 0.0750014 138.5 41.4983 CW 4.54383 12.0028 4.65619 12.0028 4.6 11.9531)
      (DA 0.525003 221.4 318.6 CCW 4.65619 12.0028 5.44383 12.0028 5.05 12.35)
      (DA 0.0750014 138.5 41.4983 CW 5.44383 12.0028 5.55619 12.0028 5.5 11.9531)
      (DA 0.525003 221.4 318.6 CCW 5.55619 12.0028 6.34383 12.0028 5.95 12.35)
      (DA 0.0750014 138.5 41.4983 CW 6.34383 12.0028 6.45619 12.0028 6.4 11.9531)
      (DA 0.525003 221.4 318.6 CCW 6.45619 12.0028 7.24383 12.0028 6.85 12.35)
      (DA 0.0750014 138.5 41.4983 CW 7.24383 12.0028 7.35619 12.0028 7.3 11.9531)
      (DA 0.525003 221.4 318.6 CCW 7.35619 12.0028 8.14383 12.0028 7.75 12.35)
      (DA 0.0750014 138.5 41.4983 CW 8.14383 12.0028 8.25619 12.0028 8.2 11.9531)
      (DA 0.525003 221.4 318.6 CCW 8.25619 12.0028 9.04383 12.0028 8.65 12.35)
      (DA 0.0750014 138.5 41.4983 CW 9.04383 12.0028 9.15619 12.0028 9.1 11.9531)
      (DA 0.525003 221.4 318.6 CCW 9.15619 12.0028 9.94383 12.0028 9.55 12.35)
      (DA 0.0750014 138.5 41.4983 CW 9.94383 12.0028 10.0562 12.0028 10 11.9531)
      (DA 0.525003 221.4 318.6 CCW 10.0562 12.0028 10.8438 12.0028 10.45 12.35)
      (DA 0.0750014 138.5 41.4983 CW 10.8438 12.0028 10.9562 12.0028 10.9 11.9531)
      (DA 0.525003 221.4 318.6 CCW 10.9562 12.0028 11.7438 12.0028 11.35 12.35)
      (DA 0.0750014 138.5 41.4983 CW 11.7438 12.0028 11.8562 12.0028 11.8 11.9531)
      (DA 0.525004 221.4 39.2105 CCW 11.8562 12.0028 12.6568 12.6819 12.25 12.35)
      (DA 0.075 219.1 180 CW 12.6568 12.6819 12.64 12.7292 12.715 12.7292)
      (DL 12.64 12.7292 12.64 18.4002 0 0 0 0)
      (DA 0.0750036 180 90.9605 CW 12.64 18.4002 12.7137 18.4752 12.715 18.4002)
      (DA 0.525008 271.5 25.5503 CCW 12.7137 18.4752 13.1737 19.2264 12.7 19)
      (DA 0.0749921 205.4 64.2479 CW 13.1737 19.2264 13.274 19.3261 13.2414 19.2586)
      (DA 0.52501 244.5 290.749 CCW 13.274 19.3261 13.686 19.3091 13.5 19.8)
      (DA 0.075 110.7 0 CW 13.686 19.3091 13.7875 19.2389 13.7125 19.2389)
      (DL 13.7875 19.2389 13.7875 14.95 0 0 0 0)
      (DA 0.820349 180 197.427 CCW 13.7875 14.95 13.8252 14.7043 14.6078 14.95)
      (DA 0.0750067 17.4 283.576 CW 13.8252 14.7043 13.7712 14.609 13.7536 14.6819)
      (DA 0.525003 104.2 243.313 CCW 13.7712 14.609 13.6642 13.6309 13.9 14.1)
      (DA 0.0749957 63.3 315.054 CW 13.6642 13.6309 13.6836 13.5109 13.6305 13.5639)
      (DL 13.6836 13.5109 13.6528 13.4801 0 0 0 0)
      (DA 0.82035 134.995 154.405 CCW 13.6528 13.4801 13.493 13.2544 14.2328 12.9)
      (DA 0.0750039 334.3 281.888 CW 13.493 13.2544 13.4408 13.2135 13.4254 13.2869)
      (DA 0.525011 102 313.452 CCW 13.4408 13.2135 13.9111 12.3189 13.55 12.7)
      (DA 0.0749955 133.3 46.3341 CW 13.9111 12.3189 14.0143 12.3185 13.9625 12.2643)
      (DA 0.525003 226.6 44.4452 CCW 14.0143 12.3185 14.7498 13.0676 14.375 12.7)
      (DA 0.0750028 224.4 135 CW 14.7498 13.0676 14.7504 13.1731 14.8034 13.1201)
      (DL 14.7504 13.1731 14.7869 13.2096 0 0 0 0)
      (DA 0.94106 315.004 0 CCW 14.7869 13.2096 15.0625 13.875 14.1214 13.875)
      (DL 15.0625 13.875 15.0625 14.3999 0 0 0 0)
      (DL 15.0625 14.3999 15.0625 14.4011 0 0 0 0)
      (DL 15.0625 14.4011 15.0625 14.4012 0 0 0 0)
      (DA 0.0749968 180 93.4678 CW 15.0625 14.4012 15.133 14.476 15.1375 14.4012)
      (DA 0.525012 273.6 295.55 CCW 15.133 14.476 15.3264 14.5264 15.1 15)
      (DA 0.0750054 115.4 334.248 CW 15.3264 14.5264 15.4261 14.426 15.3586 14.4586)
      (DA 0.525008 154.5 25.5503 CCW 15.4261 14.426 16.3737 14.4264 15.9 14.2)
      (DA 0.0749921 205.4 64.2479 CW 16.3737 14.4264 16.474 14.5261 16.4414 14.4586)
      (DA 0.525012 244.5 295.55 CCW 16.474 14.5261 16.9264 14.5264 16.7 15)
      (DA 0.0750054 115.4 334.248 CW 16.9264 14.5264 17.0261 14.426 16.9586 14.4586)
      (DA 0.524999 154.5 115.55 CCW 17.0261 14.426 17.2736 14.6736 17.5 14.2)
      (DA 0.0750011 295.4 154.248 CW 17.2736 14.6736 17.1739 14.774 17.2414 14.7414)
      (DA 0.525008 334.5 25.5503 CCW 17.1739 14.774 17.1737 15.2264 16.7 15)
      (DA 0.0749921 205.4 64.248 CW 17.1737 15.2264 17.274 15.3261 17.2414 15.2586)
      (DA 0.525006 244.5 131.827 CCW 17.274 15.3261 17.1499 16.1912 17.5 15.8)
      (DA 0.0749987 311.7 228.111 CW 17.1499 16.1912 17.0499 16.1914 17.1 16.2472)
      (DA 0.524999 48.2 115.55 CCW 17.0499 16.1914 16.4736 16.2736 16.7 15.8)
      (DA 0.0750011 295.4 154.248 CW 16.4736 16.2736 16.3739 16.374 16.4414 16.3414)
      (DA 0.525003 334.5 205.55 CCW 16.3739 16.374 15.4264 16.3736 15.9 16.6)
      (DA 0.0750011 25.4 244.248 CW 15.4264 16.3736 15.326 16.2739 15.3586 16.3414)
      (DA 0.525 64.5 113.32 CCW 15.326 16.2739 14.8922 16.2821 15.1 15.8)
      (DA 0.075 293.3 180 CW 14.8922 16.2821 14.7875 16.351 14.8625 16.351)
      (DL 14.7875 16.351 14.7875 18.449 0 0 0 0)
      (DA 0.0749932 180 66.5583 CW 14.7875 18.449 14.8923 18.5178 14.8625 18.449)
      (DA 0.525006 246.7 311.827 CCW 14.8923 18.5178 15.4501 18.6088 15.1 19)
      (DA 0.0749987 131.7 48.1105 CW 15.4501 18.6088 15.5501 18.6086 15.5 18.5528)
      (DA 0.525006 228.2 311.827 CCW 15.5501 18.6086 16.2501 18.6088 15.9 19)
      (DA 0.0749987 131.7 48.1105 CW 16.2501 18.6088 16.3501 18.6086 16.3 18.5528)
      (DA 0.524999 228.2 115.55 CCW 16.3501 18.6086 16.4736 19.4736 16.7 19)
      (DA 0.0750011 295.4 154.248 CW 16.4736 19.4736 16.3739 19.574 16.4414 19.5414)
      (DA 0.525008 334.5 25.5503 CCW 16.3739 19.574 16.3737 20.0264 15.9 19.8)
      (DA 0.0749921 205.4 64.248 CW 16.3737 20.0264 16.474 20.1261 16.4414 20.0586)
      (DA 0.525006 244.5 311.827 CCW 16.474 20.1261 17.0501 20.2088 16.7 20.6)
      (DA 0.0749987 131.7 48.1105 CW 17.0501 20.2088 17.1501 20.2086 17.1 20.1528)
      (DA 0.525006 228.2 131.827 CCW 17.1501 20.2086 17.1499 20.9912 17.5 20.6)
      (DA 0.0749987 311.7 228.111 CW 17.1499 20.9912 17.0499 20.9914 17.1 21.0472)
      (DA 0.525006 48.2 131.827 CCW 17.0499 20.9914 16.3499 20.9912 16.7 20.6)
      (DA 0.0749987 311.7 228.111 CW 16.3499 20.9912 16.2499 20.9914 16.3 21.0472)
      (DA 0.525006 48.2 131.827 CCW 16.2499 20.9914 15.5499 20.9912 15.9 20.6)
      (DA 0.0749987 311.7 228.111 CW 15.5499 20.9912 15.4499 20.9914 15.5 21.0472)
      (DA 0.525 48.2 113.32 CCW 15.4499 20.9914 14.8922 21.0821 15.1 20.6)
      (DA 0.075 293.3 180 CW 14.8922 21.0821 14.7875 21.151 14.8625 21.151)
      (DL 14.7875 21.151 14.7875 21.55 0 0 0 0)
      (DA 0.145339 180 134.972 CW 14.7875 21.55 14.8301 21.6528 14.9328 21.55)
      (DL 14.8301 21.6528 15.2765 22.0992 0 0 0 0)
      (DA 1.06177 315 0 CCW 15.2765 22.0992 15.5875 22.85 14.5257 22.85)
      (DL 15.5875 22.85 15.5875 23.3389 0 0 0 0)
      (DA 0.0750004 180 111.042 CW 15.5875 23.3389 15.6356 23.4089 15.6625 23.3389)
      (DA 0.525004 290.7 69.2655 CCW 15.6356 23.4089 15.6359 24.391 15.45 23.9)
      (DA 0.075 249.2 180 CW 15.6359 24.391 15.5875 24.4611 15.6625 24.4611)
      (DL 15.5875 24.4611 15.5875 25 0 0 0 0)
      (DA 0.94106 0 44.9957 CCW 15.5875 25 15.3119 25.6654 14.6464 25)
      (DL 15.3119 25.6654 14.8095 26.1678 0 0 0 0)
      (DA 0.075 225 180 CW 14.8095 26.1678 14.7875 26.2208 14.8625 26.2208)
      (DL 14.7875 26.2208 14.7875 26.2209 0 0 0 0)
      (DL 14.7875 26.2209 14.7882 26.9488 0 0 0 0)
      (DA 0.0749983 179.924 66.4401 CW 14.7882 26.9488 14.8932 27.0174 14.8632 26.9487)
      (DA 0.525006 246.8 311.827 CCW 14.8932 27.0174 15.4501 27.1088 15.1 27.5)
      (DA 0.0749987 131.7 48.1105 CW 15.4501 27.1088 15.5501 27.1086 15.5 27.0528)
      (DA 0.525006 228.2 311.827 CCW 15.5501 27.1086 16.2501 27.1088 15.9 27.5)
      (DA 0.0749987 131.7 48.1105 CW 16.2501 27.1088 16.3501 27.1086 16.3 27.0528)
      (DA 0.525006 228.2 311.827 CCW 16.3501 27.1086 17.0501 27.1088 16.7 27.5)
      (DA 0.0749987 131.7 48.1105 CW 17.0501 27.1088 17.1501 27.1086 17.1 27.0528)
      (DA 0.525006 228.2 131.827 CCW 17.1501 27.1086 17.1499 27.8912 17.5 27.5)
      (DA 0.0749987 311.7 228.111 CW 17.1499 27.8912 17.0499 27.8914 17.1 27.9472)
      (DA 0.524999 48.2 115.55 CCW 17.0499 27.8914 16.4736 27.9736 16.7 27.5)
      (DA 0.0750011 295.4 154.248 CW 16.4736 27.9736 16.3739 28.074 16.4414 28.0414)
      (DA 0.525008 334.5 25.5503 CCW 16.3739 28.074 16.3737 28.5264 15.9 28.3)
      (DA 0.0749921 205.4 64.248 CW 16.3737 28.5264 16.474 28.6261 16.4414 28.5586)
      (DA 0.525006 244.5 131.827 CCW 16.474 28.6261 16.3499 29.4912 16.7 29.1)
      (DA 0.0749987 311.7 228.111 CW 16.3499 29.4912 16.2499 29.4914 16.3 29.5472)
      (DA 0.525006 48.2 131.827 CCW 16.2499 29.4914 15.5499 29.4912 15.9 29.1)
      (DA 0.0749987 311.7 228.111 CW 15.5499 29.4912 15.4499 29.4914 15.5 29.5472)
      (DA 0.525003 48.2 112.986 CCW 15.4499 29.4914 14.895 29.5833 15.1 29.1)
      (DA 0.075 292.9 180 CW 14.895 29.5833 14.7908 29.6524 14.8658 29.6524)
      (DL 14.7908 29.6524 14.7908 29.6525 0 0 0 0)
      (DL 14.7908 29.6525 14.792 30.9472 0 0 0 0)
      (DA 0.0749944 179.924 66.7899 CW 14.792 30.9472 14.8966 31.016 14.867 30.9471)
      (DA 0.525006 247.2 311.827 CCW 14.8966 31.016 15.4501 31.1088 15.1 31.5)
      (DA 0.0749987 131.7 48.1105 CW 15.4501 31.1088 15.5501 31.1086 15.5 31.0528)
      (DA 0.525008 228.2 25.5503 CCW 15.5501 31.1086 16.3737 31.7264 15.9 31.5)
      (DA 0.0749921 205.4 64.248 CW 16.3737 31.7264 16.474 31.8261 16.4414 31.7586)
      (DA 0.525006 244.5 343.646 CCW 16.474 31.8261 17.2038 32.1522 16.7 32.3)
      (DA 0.0749978 163.6 50.7589 CW 17.2038 32.1522 17.3232 32.1891 17.2757 32.131)
      (DA 0.524997 231.5 125.709 CCW 17.3232 32.1891 17.3436 33.0263 17.65 32.6)
      (DA 0.0749969 305.6 178.698 CW 17.3436 33.0263 17.2249 33.089 17.2999 33.0873)
      (DA 0.525008 358.8 25.5503 CCW 17.2249 33.089 17.1737 33.3264 16.7 33.1)
      (DA 0.0749921 205.4 64.248 CW 17.1737 33.3264 17.274 33.4261 17.2414 33.3586)
      (DA 0.525004 244.5 2.87513 CCW 17.274 33.4261 18.0244 33.9263 17.5 33.9)
      (DA 0.0749967 182.8 120.09 CW 18.0244 33.9263 18.0617 33.9949 18.0993 33.93)
      (DA 0.525005 299.9 182.8 CCW 18.0617 33.9949 17.2756 34.4244 17.8 34.45)
   )
)
(VOID 82
   (POLYGON 82
      (DA 0.525005 0 180 CCW 14.425 11.3 13.375 11.3 13.9 11.3)
      (DA 0.525005 180 0 CCW 13.375 11.3 14.425 11.3 13.9 11.3)
   )
)
(VOID 82
   (POLYGON 82
      (DA 0.0750011 295.4 154.269 CW 13.2736 6.07368 13.1739 6.17398 13.2414 6.14143)
      (DA 0.525006 334.5 131.826 CCW 13.1739 6.17398 12.3499 6.79122 12.7 6.4)
      (DA 0.0749987 311.7 228.121 CW 12.3499 6.79122 12.2499 6.79138 12.3 6.84722)
      (DA 0.525006 48.2 131.826 CCW 12.2499 6.79138 11.5499 6.79122 11.9 6.4)
      (DA 0.0749987 311.7 228.121 CW 11.5499 6.79122 11.4499 6.79138 11.5 6.84722)
      (DA 0.525006 48.2 131.826 CCW 11.4499 6.79138 10.7499 6.79122 11.1 6.4)
      (DA 0.0749987 311.7 228.121 CW 10.7499 6.79122 10.6499 6.79138 10.7 6.84722)
      (DA 0.525006 48.2 131.826 CCW 10.6499 6.79138 9.94989 6.79122 10.3 6.4)
      (DA 0.0749987 311.7 228.121 CW 9.94989 6.79122 9.84993 6.79138 9.9 6.84722)
      (DA 0.525003 48.2 205.546 CCW 9.84993 6.79138 9.02632 6.1736 9.5 6.4)
      (DA 0.0750011 25.4 244.279 CW 9.02632 6.1736 8.92602 6.07386 8.95857 6.14143)
      (DA 0.525006 64.5 311.826 CCW 8.92602 6.07386 9.05011 5.20878 8.7 5.6)
      (DA 0.0749987 131.7 48.1207 CW 9.05011 5.20878 9.15007 5.20862 9.1 5.15278)
      (DA 0.525006 228.2 311.826 CCW 9.15007 5.20862 9.85011 5.20878 9.5 5.6)
      (DA 0.0749987 131.7 48.1207 CW 9.85011 5.20878 9.95007 5.20862 9.9 5.15278)
      (DA 0.525006 228.2 311.826 CCW 9.95007 5.20862 10.6501 5.20878 10.3 5.6)
      (DA 0.0749987 131.7 48.1207 CW 10.6501 5.20878 10.7501 5.20862 10.7 5.15278)
      (DA 0.525012 228.2 295.549 CCW 10.7501 5.20862 11.3264 5.12633 11.1 5.6)
      (DA 0.0750054 115.4 334.269 CW 11.3264 5.12633 11.4261 5.02602 11.3586 5.05857)
      (DA 0.525008 154.5 25.5473 CCW 11.4261 5.02602 12.3737 5.0264 11.9 4.8)
      (DA 0.0749921 205.4 64.2579 CW 12.3737 5.0264 12.474 5.12614 12.4414 5.05857)
      (DA 0.525006 244.5 311.826 CCW 12.474 5.12614 13.0501 5.20878 12.7 5.6)
      (DA 0.0749987 131.7 48.1207 CW 13.0501 5.20878 13.1501 5.20863 13.1 5.15278)
      (DA 0.524999 228.2 115.5 CCW 13.1501 5.20863 13.274 6.07386 13.5 5.6)
   )
)
(VOID 82
   (POLYGON 82
      (DA 0.525005 0 180 CCW 14.025 4 12.975 4 13.5 4)
      (DA 0.525005 180 0 CCW 12.975 4 14.025 4 13.5 4)
   )
)
(VOID 82
   (POLYGON 82
      (DA 0.525005 0 180 CCW 14.425 36.8 13.375 36.8 13.9 36.8)
      (DA 0.525005 180 0 CCW 13.375 36.8 14.425 36.8 13.9 36.8)
   )
)
(VOID 82
   (POLYGON 82
      (DA 0.525005 0 180 CCW 11.625 37.7 10.575 37.7 11.1 37.7)
      (DA 0.525005 180 0 CCW 10.575 37.7 11.625 37.7 11.1 37.7)
   )
)
(VOID 82
   (POLYGON 82
      (DA 0.525005 0 180 CCW 11.625 10.4 10.575 10.4 11.1 10.4)
      (DA 0.525005 180 0 CCW 10.575 10.4 11.625 10.4 11.1 10.4)
   )
)
(VOID 82
   (POLYGON 82
      (DA 0.0749983 299.9 240.001 CW 7.43739 4.2412 7.3625 4.24127 7.4 4.30622)
      (DA 0.625004 60 210.012 CCW 7.3625 4.24127 6.5088 3.38739 7.05 3.7)
      (DA 0.0749983 29.9 330.001 CW 6.5088 3.38739 6.50873 3.3125 6.44378 3.35)
      (DA 0.625004 150 300.011 CCW 6.50873 3.3125 7.36261 2.45879 7.05 3)
      (DA 0.075007 119.9 60.0047 CW 7.36261 2.45879 7.4375 2.45873 7.4 2.39377)
      (DA 0.625004 240 30.0114 CCW 7.4375 2.45873 8.29121 3.31261 7.75 3)
      (DA 0.075007 209.9 150.005 CW 8.29121 3.31261 8.29127 3.3875 8.35623 3.35)
      (DA 0.625004 330 119.9 CCW 8.29127 3.3875 7.43844 4.24181 7.75 3.7)
   )
)
(VOID 82
   (POLYGON 82
      (DA 0.525005 0 180 CCW 10.025 4 8.97499 4 9.5 4)
      (DA 0.525005 180 0 CCW 8.97499 4 10.025 4 9.5 4)
   )
)
(VOID 82
   (POLYGON 82
      (DA 0.0749983 299.9 239.993 CW 7.43739 45.5412 7.3625 45.5413 7.4 45.6062)
      (DA 0.625004 60 210.012 CCW 7.3625 45.5413 6.5088 44.6874 7.05 45)
      (DA 0.0749983 29.9 330.001 CW 6.5088 44.6874 6.50873 44.6125 6.44378 44.65)
      (DA 0.62501 150 0.0119998 CCW 6.50873 44.6125 7.67501 44.3001 7.05 44.3)
      (DA 0.075 179.9 90.0076 CW 7.67501 44.3001 7.75 44.375 7.75001 44.3)
      (DA 0.625004 270 119.9 CCW 7.75 44.375 7.43844 45.5418 7.75 45)
   )
)
(VOID 82
   (POLYGON 82
      (DA 0.525005 0 180 CCW 10.025 44.1 8.97499 44.1 9.5 44.1)
      (DA 0.525005 180 0 CCW 8.97499 44.1 10.025 44.1 9.5 44.1)
   )
)
(VOID 82
   (POLYGON 82
      (DA 0.525005 0 180 CCW 18.025 44.1 16.975 44.1 17.5 44.1)
      (DA 0.525005 180 0 CCW 16.975 44.1 18.025 44.1 17.5 44.1)
   )
)
(VOID 82
   (POLYGON 82
      (DA 0.075 226.2 180 CW 32.2381 29.9042 32.215 29.9583 32.29 29.9583)
      (DL 32.215 29.9583 32.215 30.2192 0 0 0 0)
      (DA 0.535004 0 45 CCW 32.215 30.2192 32.0583 30.5975 31.68 30.2192)
      (DL 32.0583 30.5975 30.812 31.8439 0 0 0 0)
      (DA 0.075 225 180 CW 30.812 31.8439 30.79 31.8969 30.865 31.8969)
      (DL 30.79 31.8969 30.79 34.0379 0 0 0 0)
      (DA 0.490004 0 45 CCW 30.79 34.0379 30.6465 34.3844 30.3 34.0379)
      (DL 30.6465 34.3844 28.762 36.2689 0 0 0 0)
      (DA 0.075 225 180 CW 28.762 36.2689 28.74 36.3219 28.815 36.3219)
      (DL 28.74 36.3219 28.74 37.925 0 0 0 0)
      (DA 0.465005 0 37.0154 CCW 28.74 37.925 28.6463 38.205 28.275 37.925)
      (DA 0.0750042 216.9 143.005 CW 28.6463 38.205 28.6464 38.2951 28.7063 38.25)
      (DA 0.46501 323 0 CCW 28.6464 38.2951 28.74 38.575 28.275 38.575)
      (DL 28.74 38.575 28.74 38.725 0 0 0 0)
      (DA 0.465 0 90 CCW 28.74 38.725 28.275 39.19 28.275 38.725)
      (DL 28.275 39.19 26.865 39.19 0 0 0 0)
      (DA 0.075 270 180 CW 26.865 39.19 26.79 39.265 26.865 39.265)
      (DL 26.79 39.265 26.79 40.0692 0 0 0 0)
      (DA 0.535004 0 45 CCW 26.79 40.0692 26.6333 40.4475 26.255 40.0692)
      (DL 26.6333 40.4475 24.3975 42.6833 0 0 0 0)
      (DA 0.535 45 90 CCW 24.3975 42.6833 24.0192 42.84 24.0192 42.305)
      (DL 24.0192 42.84 16.3602 42.84 0 0 0 0)
      (DA 0.0750003 270 139.975 CW 16.3602 42.84 16.3028 42.9632 16.3602 42.915)
      (DA 0.525006 320.1 41.8271 CCW 16.3028 42.9632 16.2912 43.6501 15.9 43.3)
      (DA 0.0749987 221.7 138.111 CW 16.2912 43.6501 16.2914 43.7501 16.3472 43.7)
      (DA 0.525 318.2 219.918 CCW 16.2914 43.7501 15.4973 43.7631 15.9 44.1)
      (DA 0.075 39.9 270 CW 15.4973 43.7631 15.4398 43.64 15.4398 43.715)
      (DL 15.4398 43.64 15 43.64 0 0 0 0)
      (DA 0.840004 90 107.864 CCW 15 43.64 14.7423 43.5995 15 42.8)
      (DA 0.0749936 287.8 133.96 CW 14.7423 43.5995 14.6673 43.7249 14.7194 43.6709)
      (DA 0.525006 314.4 131.827 CCW 14.6673 43.7249 13.9499 44.4912 14.3 44.1)
      (DA 0.0749987 311.7 228.111 CW 13.9499 44.4912 13.8499 44.4914 13.9 44.5472)
      (DA 0.525006 48.2 221.827 CCW 13.8499 44.4914 13.1088 43.7499 13.5 44.1)
      (DA 0.0749987 41.7 318.111 CW 13.1088 43.7499 13.1086 43.6499 13.0528 43.7)
      (DA 0.525003 138.2 205.55 CCW 13.1086 43.6499 13.0264 43.0736 13.5 43.3)
      (DA 0.0750011 25.4 244.248 CW 13.0264 43.0736 12.926 42.9739 12.9586 43.0414)
      (DA 0.524999 64.5 115.55 CCW 12.926 42.9739 12.4736 42.9736 12.7 42.5)
      (DA 0.0750011 295.4 154.248 CW 12.4736 42.9736 12.3739 43.074 12.4414 43.0414)
      (DA 0.525003 334.5 205.55 CCW 12.3739 43.074 11.4264 43.0736 11.9 43.3)
      (DA 0.0750011 25.4 244.248 CW 11.4264 43.0736 11.326 42.9739 11.3586 43.0414)
      (DA 0.525006 64.5 131.827 CCW 11.326 42.9739 10.7499 42.8912 11.1 42.5)
      (DA 0.0749987 311.7 228.111 CW 10.7499 42.8912 10.6499 42.8914 10.7 42.9472)
      (DA 0.525006 48.2 131.827 CCW 10.6499 42.8914 9.94989 42.8912 10.3 42.5)
      (DA 0.0749987 311.7 228.111 CW 9.94989 42.8912 9.84993 42.8914 9.9 42.9472)
      (DA 0.525006 48.2 131.827 CCW 9.84993 42.8914 9.14989 42.8912 9.5 42.5)
      (DA 0.0749987 311.7 228.111 CW 9.14989 42.8912 9.04994 42.8914 9.1 42.9472)
      (DA 0.525012 48.2 295.547 CCW 9.04994 42.8914 8.9264 42.0264 8.7 42.5)
      (DA 0.0750054 115.4 334.258 CW 8.9264 42.0264 9.02614 41.926 8.95857 41.9586)
      (DA 0.525006 154.5 311.827 CCW 9.02614 41.926 9.85011 41.3088 9.5 41.7)
      (DA 0.0749987 131.7 48.1105 CW 9.85011 41.3088 9.95007 41.3086 9.9 41.2528)
      (DA 0.525006 228.2 311.827 CCW 9.95007 41.3086 10.6501 41.3088 10.3 41.7)
      (DA 0.0749987 131.7 48.1105 CW 10.6501 41.3088 10.7501 41.3086 10.7 41.2528)
      (DA 0.525006 228.2 311.827 CCW 10.7501 41.3086 11.4501 41.3088 11.1 41.7)
      (DA 0.0749987 131.7 48.1105 CW 11.4501 41.3088 11.5501 41.3086 11.5 41.2528)
      (DA 0.525006 228.2 311.827 CCW 11.5501 41.3086 12.2501 41.3088 11.9 41.7)
      (DA 0.0749987 131.7 48.1105 CW 12.2501 41.3088 12.3501 41.3086 12.3 41.2528)
      (DA 0.525006 228.2 41.8271 CCW 12.3501 41.3086 13.0912 42.0501 12.7 41.7)
      (DA 0.0749987 221.7 138.111 CW 13.0912 42.0501 13.0914 42.1501 13.1472 42.1)
      (DA 0.525008 318.2 25.5503 CCW 13.0914 42.1501 13.1737 42.7264 12.7 42.5)
      (DA 0.0749921 205.4 64.248 CW 13.1737 42.7264 13.274 42.8261 13.2414 42.7586)
      (DA 0.525004 244.5 298.367 CCW 13.274 42.8261 13.7494 42.838 13.5 43.3)
      (DA 0.075 118.3 0 CW 13.7494 42.838 13.86 42.772 13.785 42.772)
      (DL 13.86 42.772 13.86 41.574 0 0 0 0)
      (DA 1.16405 180 270 CCW 13.86 41.574 15.024 40.41 15.024 41.574)
      (DL 15.024 40.41 16.594 40.41 0 0 0 0)
      (DA 0.0749957 90 315 CW 16.594 40.41 16.647 40.282 16.594 40.335)
      (DL 16.647 40.282 16.627 40.262 0 0 0 0)
      (DA 0.075 315 270 CW 16.627 40.262 16.574 40.24 16.574 40.315)
      (DL 16.574 40.24 15.5808 40.24 0 0 0 0)
      (DA 0.534997 90 135 CCW 15.5808 40.24 15.2025 40.0833 15.5808 39.705)
      (DL 15.2025 40.0833 14.3667 39.2475 0 0 0 0)
      (DA 0.535 135 180 CCW 14.3667 39.2475 14.21 38.8692 14.745 38.8692)
      (DL 14.21 38.8692 14.21 38.3121 0 0 0 0)
      (DA 0.490004 180 225 CCW 14.21 38.3121 14.3535 37.9656 14.7 38.3121)
      (DL 14.3535 37.9656 14.5532 37.766 0 0 0 0)
      (DA 0.0749975 44.946 359.168 CW 14.5532 37.766 14.5751 37.7119 14.5001 37.713)
      (DA 0.52501 178.7 270.014 CCW 14.5751 37.7119 15.1001 37.175 15.1 37.7)
      (DA 0.075 89.9 0 CW 15.1001 37.175 15.175 37.1 15.1 37.1)
      (DL 15.175 37.1 15.175 36.7141 0 0 0 0)
      (DA 0.0750003 0 344.363 CW 15.175 36.7141 15.1722 36.6939 15.1 36.7141)
      (DA 0.34 164.6 180 CCW 15.1722 36.6939 15.16 36.6036 15.5 36.6036)
      (DA 1.19356 180 270 CCW 15.16 36.6036 16.3536 35.41 16.3536 36.6036)
      (DL 16.3536 35.41 18.485 35.41 0 0 0 0)
      (DA 0.075 90 0 CW 18.485 35.41 18.56 35.335 18.485 35.335)
      (DL 18.56 35.335 18.56 29.675 0 0 0 0)
      (DA 0.465005 180 217.023 CCW 18.56 29.675 18.6538 29.395 19.025 29.675)
      (DA 0.0749962 36.9 322.959 CW 18.6538 29.395 18.6536 29.3048 18.5938 29.35)
      (DA 0.465 143 180 CCW 18.6536 29.3048 18.56 29.025 19.025 29.025)
      (DL 18.56 29.025 18.56 28.875 0 0 0 0)
      (DA 0.465005 180 217.023 CCW 18.56 28.875 18.6538 28.595 19.025 28.875)
      (DA 0.0749962 36.9 322.959 CW 18.6538 28.595 18.6536 28.5048 18.5938 28.55)
      (DA 0.465 143 180 CCW 18.6536 28.5048 18.56 28.225 19.025 28.225)
      (DL 18.56 28.225 18.56 28.075 0 0 0 0)
      (DA 0.46501 180 270 CCW 18.56 28.075 19.025 27.61 19.025 28.075)
      (DL 19.025 27.61 20.5692 27.61 0 0 0 0)
      (DA 0.535011 270 315 CCW 20.5692 27.61 20.9475 27.7667 20.5692 28.145)
      (DL 20.9475 27.7667 21.2689 28.088 0 0 0 0)
      (DA 0.075 135 90 CW 21.2689 28.088 21.3219 28.11 21.3219 28.035)
      (DL 21.3219 28.11 23.8467 28.11 0 0 0 0)
      (DA 0.0749993 90 306.573 CW 23.8467 28.11 23.8914 27.9747 23.8467 28.035)
      (DA 0.525003 126 318.6 CCW 23.8914 27.9747 24.5938 27.2028 24.2 27.55)
      (DA 0.0750014 138.5 41.4983 CW 24.5938 27.2028 24.7062 27.2028 24.65 27.1531)
      (DA 0.525012 221.4 308.692 CCW 24.7062 27.2028 25.4282 27.1402 25.1 27.55)
      (DA 0.0749978 128.6 51.4545 CW 25.4282 27.1402 25.5217 27.1403 25.475 27.0816)
      (DA 0.525012 231.3 308.692 CCW 25.5217 27.1403 26.1782 27.1402 25.85 27.55)
      (DA 0.0749978 128.6 51.4545 CW 26.1782 27.1402 26.2717 27.1403 26.225 27.0816)
      (DA 0.525012 231.3 308.692 CCW 26.2717 27.1403 26.9282 27.1402 26.6 27.55)
      (DA 0.0749978 128.6 51.4545 CW 26.9282 27.1402 27.0217 27.1403 26.975 27.0816)
      (DA 0.525005 231.3 257.162 CCW 27.0217 27.1403 27.2333 27.0381 27.35 27.55)
      (DA 0.075 77.1 270 CW 27.2333 27.0381 27.2166 26.89 27.2166 26.965)
      (DL 27.2166 26.89 26.8058 26.89 0 0 0 0)
      (DA 0.534997 90 135 CCW 26.8058 26.89 26.4275 26.7333 26.8058 26.355)
      (DL 26.4275 26.7333 26.2837 26.5895 0 0 0 0)
      (DA 0.075004 315.054 278.72 CW 26.2837 26.5895 26.242 26.5684 26.2306 26.6425)
      (DA 0.525002 99.1 195.258 CCW 26.242 26.5684 25.8185 25.9118 26.325 26.05)
      (DA 0.0750002 15.1 237.44 CW 25.8185 25.9118 25.7057 25.8291 25.7461 25.8923)
      (DA 1.04 57.7 90 CCW 25.7057 25.8291 25.15 25.99 25.15 24.95)
      (DL 25.15 25.99 24.3486 25.99 0 0 0 0)
      (DA 0.0749925 270 166.014 CW 24.3486 25.99 24.2759 26.0831 24.3486 26.065)
      (DA 0.49001 346.2 0 CCW 24.2759 26.0831 24.29 26.2 23.8 26.2)
      (DL 24.29 26.2 24.29 26.3 0 0 0 0)
      (DA 0.49 0 90 CCW 24.29 26.3 23.8 26.79 23.8 26.3)
      (DL 23.8 26.79 20 26.79 0 0 0 0)
      (DA 0.490008 90 128.292 CCW 20 26.79 19.6964 26.6846 20 26.3)
      (DA 0.0749947 308.2 231.199 CW 19.6964 26.6846 19.603 26.6851 19.65 26.7435)
      (DA 0.49 51.8 90 CCW 19.603 26.6851 19.3 26.79 19.3 26.3)
      (DL 19.3 26.79 19.2 26.79 0 0 0 0)
      (DA 0.49 90 180 CCW 19.2 26.79 18.71 26.3 19.2 26.3)
      (DL 18.71 26.3 18.71 22.7808 0 0 0 0)
      (DA 0.535004 180 225 CCW 18.71 22.7808 18.8667 22.4025 19.245 22.7808)
      (DL 18.8667 22.4025 19.1025 22.1667 0 0 0 0)
      (DA 0.53501 225 270 CCW 19.1025 22.1667 19.4808 22.01 19.4808 22.545)
      (DL 19.4808 22.01 20.1692 22.01 0 0 0 0)
      (DA 0.535011 270 315 CCW 20.1692 22.01 20.5475 22.1667 20.1692 22.545)
      (DL 20.5475 22.1667 20.6403 22.2594 0 0 0 0)
      (DA 0.53501 315 0 CCW 20.6403 22.2594 20.797 22.6377 20.262 22.6377)
      (DL 20.797 22.6377 20.797 22.6734 0 0 0 0)
      (DA 0.0750039 180 135.315 CW 20.797 22.6734 20.8186 22.7262 20.872 22.6734)
      (DA 0.525013 314.6 315.116 CCW 20.8186 22.7262 20.822 22.7295 20.45 23.1)
      (DA 0.0750029 135 44.8897 CW 20.822 22.7295 20.9281 22.7294 20.875 22.6765)
      (DA 0.52501 224.9 13.0037 CCW 20.9281 22.7294 21.8115 23.2181 21.3 23.1)
      (DA 0.075 193 90 CW 21.8115 23.2181 21.8846 23.31 21.8846 23.235)
      (DL 21.8846 23.31 25 23.31 0 0 0 0)
      (DA 0.490012 270 293.539 CCW 25 23.31 25.1957 23.3507 25 23.8)
      (DA 0.0750015 113.4 28.7891 CW 25.1957 23.3507 25.2913 23.318 25.2255 23.2819)
      (DA 0.80866 209.7 270 CCW 25.2913 23.318 25.9937 22.91 25.9937 23.7187)
      (DL 25.9937 22.91 27.7692 22.91 0 0 0 0)
      (DA 0.535011 270 315 CCW 27.7692 22.91 28.1475 23.0667 27.7692 23.445)
      (DL 28.1475 23.0667 29.3064 24.2255 0 0 0 0)
      (DA 0.075 135 90 CW 29.3064 24.2255 29.3594 24.2475 29.3594 24.1725)
      (DL 29.3594 24.2475 30.5817 24.2475 0 0 0 0)
      (DA 0.535011 270 315 CCW 30.5817 24.2475 30.96 24.4042 30.5817 24.7825)
      (DL 30.96 24.4042 31.109 24.5532 0 0 0 0)
      (DA 0.0750075 134.946 88.4688 CW 31.109 24.5532 31.164 24.5751 31.162 24.5001)
      (DA 0.525008 268.8 336.743 CCW 31.164 24.5751 31.6574 24.8927 31.175 25.1)
      (DA 0.074995 156.6 78.0412 CW 31.6574 24.8927 31.7417 24.9363 31.7262 24.8629)
      (DA 0.525007 258.1 84.2622 CCW 31.7417 24.9363 31.9025 25.9724 31.85 25.45)
      (DA 0.0750059 264.1 143.702 CW 31.9025 25.9724 31.8497 26.0914 31.9102 26.047)
      (DA 0.525001 324 194.411 CCW 31.8497 26.0914 30.9165 26.2693 31.425 26.4)
      (DA 0.0749897 14.3 254.089 CW 30.9165 26.2693 30.8232 26.1786 30.8438 26.2508)
      (DA 0.525004 73.6 155.002 CCW 30.8232 26.1786 30.1992 25.8969 30.675 25.675)
      (DA 0.0749987 334.8 207.606 CW 30.1992 25.8969 30.0648 25.894 30.1313 25.9288)
      (DA 0.524999 27.7 203.345 CCW 30.0648 25.894 29.118 25.442 29.6 25.65)
      (DA 0.0750042 23.3 286.83 CW 29.118 25.442 29.0708 25.3405 29.0491 25.4123)
      (DA 0.534997 107.4 135 CCW 29.0708 25.3405 28.8525 25.2083 29.2308 24.83)
      (DL 28.8525 25.2083 27.5561 23.912 0 0 0 0)
      (DA 0.075 315 270 CW 27.5561 23.912 27.5031 23.89 27.5031 23.965)
      (DL 27.5031 23.89 26.45 23.89 0 0 0 0)
      (DA 0.259993 270 221.039 CW 26.45 23.89 26.2539 23.9793 26.45 24.15)
      (DA 0.0749944 221 84.0284 CW 26.2539 23.9793 26.3183 24.1031 26.3105 24.0285)
      (DA 0.525008 263.8 310.065 CCW 26.3183 24.1031 26.7129 24.2232 26.375 24.625)
      (DA 0.0749962 129.9 46.1667 CW 26.7129 24.2232 26.8129 24.2198 26.761 24.1657)
      (DA 0.525002 226.4 130.065 CCW 26.8129 24.2198 26.8371 25.0018 27.175 24.6)
      (DA 0.0750031 309.9 226.167 CW 26.8371 25.0018 26.7371 25.0052 26.789 25.0593)
      (DA 0.525004 46.4 103.54 CCW 26.7371 25.0052 26.2521 25.1354 26.375 24.625)
      (DA 0.0750015 283.4 193.391 CW 26.2521 25.1354 26.1617 25.191 26.2347 25.2084)
      (DA 1.04001 13.4 28.5496 CCW 26.1617 25.191 26.0635 25.447 25.15 24.95)
      (DA 0.0750004 208.4 70.8824 CW 26.0635 25.447 26.1541 25.5536 26.1295 25.4827)
      (DA 0.52501 251 303.377 CCW 26.1541 25.5536 26.6138 25.6116 26.325 26.05)
      (DA 0.0750003 123.3 24.9968 CW 26.6138 25.6116 26.723 25.5806 26.655 25.5489)
      (DA 0.525007 204.7 33.9446 CCW 26.723 25.5806 27.6355 26.0932 27.2 25.8)
      (DA 0.075 213.9 90 CW 27.6355 26.0932 27.6978 26.21 27.6978 26.135)
      (DL 27.6978 26.21 29.0692 26.21 0 0 0 0)
      (DA 0.535011 270 315 CCW 29.0692 26.21 29.4475 26.3667 29.0692 26.745)
      (DL 29.4475 26.3667 30.059 26.9782 0 0 0 0)
      (DA 0.0750075 134.946 89.1685 CW 30.059 26.9782 30.1131 27.0001 30.112 26.9251)
      (DA 0.52501 268.7 318.506 CCW 30.1131 27.0001 30.5182 27.1772 30.125 27.525)
      (DA 0.0750033 138.3 44.7253 CW 30.5182 27.1772 30.6275 27.1801 30.5742 27.1273)
      (DA 0.525004 224.8 138.497 CCW 30.6275 27.1801 30.6068 27.8979 31 27.55)
      (DA 0.0749962 318.3 224.78 CW 30.6068 27.8979 30.4975 27.8949 30.5508 27.9478)
      (DA 0.525002 44.8 181.247 CCW 30.4975 27.8949 29.6001 27.5136 30.125 27.525)
      (DA 0.0749957 1.2 315.054 CW 29.6001 27.5136 29.5782 27.459 29.5251 27.512)
      (DL 29.5782 27.459 29.0311 26.912 0 0 0 0)
      (DA 0.075 315 270 CW 29.0311 26.912 28.9781 26.89 28.9781 26.965)
      (DL 28.9781 26.89 27.4834 26.89 0 0 0 0)
      (DA 0.0750059 270 102.466 CW 27.4834 26.89 27.4672 27.0382 27.4834 26.965)
      (DA 0.525002 282.9 91.2473 CCW 27.4672 27.0382 27.3386 28.0749 27.35 27.55)
      (DA 0.0749957 271.2 225.054 CW 27.3386 28.0749 27.284 28.0968 27.337 28.1499)
      (DL 27.284 28.0968 26.7989 28.582 0 0 0 0)
      (DA 0.075 225 90 CW 26.7989 28.582 26.8519 28.71 26.8519 28.635)
      (DL 26.8519 28.71 29.0317 28.71 0 0 0 0)
      (DA 0.535011 270 315 CCW 29.0317 28.71 29.41 28.8667 29.0317 29.245)
      (DL 29.41 28.8667 29.5993 29.056 0 0 0 0)
      (DA 0.0749919 134.946 355.237 CW 29.5993 29.056 29.7271 28.9967 29.6523 29.0029)
      (DA 0.525008 174.9 297.387 CCW 29.7271 28.9967 30.4915 28.4838 30.25 28.95)
      (DA 0.075001 117.2 33.6841 CW 30.4915 28.4838 30.5882 28.4587 30.5258 28.4171)
      (DA 0.525004 213.7 25.8199 CCW 30.5882 28.4587 31.4976 28.9787 31.025 28.75)
      (DA 0.0750034 205.7 58.9942 CW 31.4976 28.9787 31.6038 29.0755 31.5652 29.0112)
      (DA 0.525001 238.9 46.2 CCW 31.6038 29.0755 32.2384 29.9039 31.875 29.525)
   )
)
(VOID 82
   (POLYGON 82
      (DA 0.525005 0 180 CCW 25.575 22.1 24.525 22.1 25.05 22.1)
      (DA 0.525005 180 0 CCW 24.525 22.1 25.575 22.1 25.05 22.1)
   )
)
(VOID 82
   (POLYGON 82
      (DA 0.0750012 214.8 154.983 CW 33.8056 24.0253 33.7993 24.0998 33.8672 24.0681)
      (DA 0.525004 334.6 115.36 CCW 33.7993 24.0998 33.1001 24.7994 33.325 24.325)
      (DA 0.0749894 295.3 235.265 CW 33.1001 24.7994 33.0254 24.8056 33.0681 24.8672)
      (DA 0.52501 55.1 212.808 CCW 33.0254 24.8056 32.2837 24.0905 32.725 24.375)
      (DA 0.0749989 32.7 327.241 CW 32.2837 24.0905 32.2837 24.0094 32.2206 24.05)
      (DA 0.525006 147.2 275.015 CCW 32.2837 24.0094 32.7709 23.202 32.725 23.725)
      (DA 0.0749948 94.9 354.994 CW 32.7709 23.202 32.852 23.1208 32.7773 23.1273)
      (DA 0.525004 175 32.8084 CCW 32.852 23.1208 33.8163 23.3595 33.375 23.075)
      (DA 0.0750019 212.7 147.241 CW 33.8163 23.3595 33.8163 23.4406 33.8794 23.4)
      (DA 0.525003 327.2 34.8 CCW 33.8163 23.4406 33.8061 24.0246 33.375 23.725)
   )
)
(VOID 82
   (POLYGON 82
      (DA 0.0749989 32.7 327.241 CW 31.9587 21.1655 31.9587 21.0844 31.8956 21.125)
      (DA 0.525004 147.2 154.057 CCW 31.9587 21.0844 31.9279 21.0297 32.4 20.8)
      (DA 0.0750016 333.9 223.182 CW 31.9279 21.0297 31.8058 21.0114 31.8605 21.0627)
      (DA 0.525 43.5 101.923 CCW 31.8058 21.0114 31.3165 21.1637 31.425 20.65)
      (DA 0.0750049 281.8 203.101 CW 31.3165 21.1637 31.2322 21.2077 31.3012 21.2371)
      (DA 0.525002 23.3 71.1173 CCW 31.2322 21.2077 30.9199 21.4967 30.75 21)
      (DA 0.0750028 251.1 225 CW 30.9199 21.4967 30.8912 21.5147 30.9442 21.5677)
      (DL 30.8912 21.5147 30.575 21.8309 0 0 0 0)
      (DA 0.0750042 225 100.477 CW 30.575 21.8309 30.6144 21.9577 30.628 21.8839)
      (DA 0.52501 279.8 352.995 CCW 30.6144 21.9577 31.0461 22.411 30.525 22.475)
      (DA 0.0750061 172.9 93.9913 CW 31.0461 22.411 31.1153 22.4765 31.1205 22.4017)
      (DA 0.525012 274.4 281.923 CCW 31.1153 22.4765 31.1835 22.4863 31.075 23)
      (DA 0.0749918 101.8 23.1007 CW 31.1835 22.4863 31.2678 22.4423 31.1988 22.4129)
      (DA 0.525 203.3 101.923 CCW 31.2678 22.4423 31.6415 23.1637 31.75 22.65)
      (DA 0.0750049 281.8 203.101 CW 31.6415 23.1637 31.5572 23.2077 31.6262 23.2371)
      (DA 0.524999 23.3 147.23 CCW 31.5572 23.2077 30.6335 23.2842 31.075 23)
      (DA 0.0750013 327.2 204.635 CW 30.6335 23.2842 30.5023 23.2935 30.5705 23.3248)
      (DA 0.524999 24.6 184.835 CCW 30.5023 23.2935 29.5018 23.0307 30.025 23.075)
      (DA 0.0750007 4.7 286.375 CW 29.5018 23.0307 29.4483 22.9526 29.4271 23.0246)
      (DA 0.525007 106.8 208.951 CCW 29.4483 22.9526 29.1406 22.1958 29.6 22.45)
      (DA 0.0750016 28.9 277.06 CW 29.1406 22.1958 29.0841 22.0852 29.0749 22.1596)
      (DA 0.534997 97.7 135 CCW 29.0841 22.0852 28.7775 21.9333 29.1558 21.555)
      (DL 28.7775 21.9333 27.7061 20.862 0 0 0 0)
      (DA 0.075 315 270 CW 27.7061 20.862 27.6531 20.84 27.6531 20.915)
      (DL 27.6531 20.84 27.225 20.84 0 0 0 0)
      (DA 0.464998 90 157.821 CCW 27.225 20.84 26.7944 20.5505 27.225 20.375)
      (DA 0.0749967 337.7 202.167 CW 26.7944 20.5505 26.6555 20.5507 26.725 20.579)
      (DA 0.465 22.2 90 CCW 26.6555 20.5507 26.225 20.84 26.225 20.375)
      (DL 26.225 20.84 18.7207 20.84 0 0 0 0)
      (DA 0.51071 90 180 CCW 18.7207 20.84 18.21 20.3293 18.7207 20.3293)
      (DL 18.21 20.3293 18.21 20.125 0 0 0 0)
      (DA 0.465005 180 217.015 CCW 18.21 20.125 18.3037 19.845 18.675 20.125)
      (DA 0.0749962 36.9 323.005 CW 18.3037 19.845 18.3036 19.7548 18.2437 19.8)
      (DA 0.465 143 180 CCW 18.3036 19.7548 18.21 19.475 18.675 19.475)
      (DL 18.21 19.475 18.21 13.0219 0 0 0 0)
      (DA 0.0749957 0 315 CW 18.21 13.0219 18.188 12.9689 18.135 13.0219)
      (DL 18.188 12.9689 17.8811 12.662 0 0 0 0)
      (DA 0.075 315 270 CW 17.8811 12.662 17.8281 12.64 17.8281 12.715)
      (DL 17.8281 12.64 15.8808 12.64 0 0 0 0)
      (DA 0.534997 90 135 CCW 15.8808 12.64 15.5025 12.4833 15.8808 12.105)
      (DL 15.5025 12.4833 14.9167 11.8975 0 0 0 0)
      (DA 0.535002 135 168.048 CCW 14.9167 11.8975 14.7716 11.63 15.295 11.5192)
      (DA 0.0749969 348 312.329 CW 14.7716 11.63 14.7487 11.5902 14.6982 11.6456)
      (DA 0.52501 132 270.014 CCW 14.7487 11.5902 15.1001 10.675 15.1 11.2)
      (DA 0.075 89.9 0 CW 15.1001 10.675 15.175 10.6 15.1 10.6)
      (DL 15.175 10.6 15.175 10.2606 0 0 0 0)
      (DA 0.075003 0 344.743 CW 15.175 10.2606 15.1724 10.2409 15.1 10.2606)
      (DA 0.340005 164.5 173.115 CCW 15.1724 10.2409 15.1624 10.1908 15.5 10.15)
      (DA 0.074995 353 270.768 CW 15.1624 10.1908 15.089 10.1249 15.088 10.1999)
      (DA 0.525012 91.2 295.549 CCW 15.089 10.1249 15.3264 9.12633 15.1 9.6)
      (DA 0.0750054 115.4 334.269 CW 15.3264 9.12633 15.4261 9.02602 15.3586 9.05857)
      (DA 0.525004 154.5 254.143 CCW 15.4261 9.02602 15.7565 8.29498 15.9 8.8)
      (DA 0.0750028 74.1 314.984 CW 15.7565 8.29498 15.789 8.16982 15.736 8.22285)
      (DL 15.789 8.16982 14.9167 7.29753 0 0 0 0)
      (DA 0.535 135 180 CCW 14.9167 7.29753 14.76 6.91923 15.295 6.91923)
      (DL 14.76 6.91923 14.76 6.83333 0 0 0 0)
      (DA 0.0749992 0 314.198 CW 14.76 6.83333 14.7373 6.77956 14.685 6.83333)
      (DA 0.525004 133.7 268.577 CCW 14.7373 6.77956 15.087 5.87515 15.1 6.4)
      (DA 0.075 88.5 0 CW 15.087 5.87515 15.16 5.80018 15.085 5.80018)
      (DL 15.16 5.80018 15.16 5.39982 0 0 0 0)
      (DA 0.0750033 0 270.96 CW 15.16 5.39982 15.0863 5.32483 15.085 5.39982)
      (DA 0.525012 91.5 295.549 CCW 15.0863 5.32483 15.3264 4.32633 15.1 4.8)
      (DA 0.0750054 115.4 334.269 CW 15.3264 4.32633 15.4261 4.22602 15.3586 4.25857)
      (DA 0.525004 154.5 344.292 CCW 15.4261 4.22602 16.4054 3.85787 15.9 4)
      (DA 0.0749966 164.1 85.6106 CW 16.4054 3.85787 16.4832 3.91211 16.4775 3.83732)
      (DA 0.53501 264.9 270 CCW 16.4832 3.91211 16.5308 3.90999 16.5308 4.445)
      (DL 16.5308 3.90999 16.8692 3.90999 0 0 0 0)
      (DA 0.535012 270 275.028 CCW 16.8692 3.90999 16.9161 3.91205 16.8692 4.445)
      (DA 0.0750007 94.9 15.959 CW 16.9161 3.91205 16.9946 3.85793 16.9225 3.83732)
      (DA 0.525 195.7 59.5532 CCW 16.9946 3.85793 17.766 4.4526 17.5 4)
      (DA 0.0750028 239.5 134.984 CW 17.766 4.4526 17.7511 4.57025 17.8041 4.51722)
      (DL 17.7511 4.57025 17.8189 4.63803 0 0 0 0)
      (DA 0.075 134.978 90 CW 17.8189 4.63803 17.8719 4.65999 17.8719 4.58499)
      (DL 17.8719 4.65999 20.9 4.65999 0 0 0 0)
      (DA 0.490013 270 330.796 CCW 20.9 4.65999 21.3277 4.91093 20.9 5.15)
      (DA 0.074998 150.7 67.9933 CW 21.3277 4.91093 21.4212 4.94377 21.3931 4.87423)
      (DA 0.49001 248.6 270 CCW 21.4212 4.94377 21.6 4.90999 21.6 5.4)
      (DL 21.6 4.90999 21.7 4.90999 0 0 0 0)
      (DA 0.49001 270 0 CCW 21.7 4.90999 22.19 5.4 21.7 5.4)
      (DL 22.19 5.4 22.19 6.53499 0 0 0 0)
      (DA 0.075 180 90 CW 22.19 6.53499 22.265 6.60999 22.265 6.53499)
      (DL 22.265 6.60999 24.3192 6.60999 0 0 0 0)
      (DA 0.535011 270 314.999 CCW 24.3192 6.60999 24.6975 6.76669 24.3192 7.145)
      (DL 24.6975 6.76669 27.2333 9.30246 0 0 0 0)
      (DA 0.53501 314.999 0 CCW 27.2333 9.30246 27.39 9.68077 26.855 9.68077)
      (DL 27.39 9.68077 27.39 13.5781 0 0 0 0)
      (DA 0.0750028 180 135 CW 27.39 13.5781 27.412 13.6311 27.465 13.5781)
      (DL 27.412 13.6311 30.2658 16.485 0 0 0 0)
      (DA 0.075 135.054 90 CW 30.2658 16.485 30.3189 16.507 30.3189 16.432)
      (DL 30.3189 16.507 30.8162 16.507 0 0 0 0)
      (DA 0.534997 270 315 CCW 30.8162 16.507 31.1945 16.6637 30.8162 17.042)
      (DL 31.1945 16.6637 31.8894 17.3585 0 0 0 0)
      (DA 0.535 315 0 CCW 31.8894 17.3585 32.0461 17.7368 31.5111 17.7368)
      (DL 32.0461 17.7368 32.0461 18.5726 0 0 0 0)
      (DA 0.0749979 180 135.097 CW 32.0461 18.5726 32.068 18.6255 32.1211 18.5726)
      (DA 0.525003 314.5 90.2149 CCW 32.068 18.6255 31.698 19.525 31.7 19)
      (DA 0.0750009 270.1 184.642 CW 31.698 19.525 31.6232 19.5939 31.6979 19.6)
      (DA 0.525011 4.8 56.4545 CCW 31.6232 19.5939 31.3901 19.9875 31.1 19.55)
      (DA 0.0749946 236.4 90.8417 CW 31.3901 19.9875 31.4305 20.125 31.4316 20.05)
      (DA 0.525008 270.6 334.052 CCW 31.4305 20.125 31.897 20.4203 31.425 20.65)
      (DA 0.075002 153.9 43.8291 CW 31.897 20.4203 32.0185 20.4393 31.9644 20.3873)
      (DA 0.525004 223.4 32.8084 CCW 32.0185 20.4393 32.8413 21.0845 32.4 20.8)
      (DA 0.0750019 212.7 147.241 CW 32.8413 21.0845 32.8413 21.1656 32.9044 21.125)
      (DA 0.52501 327.2 212.7 CCW 32.8413 21.1656 31.9582 21.1664 32.4 21.45)
   )
)