(POLYGON 82
   (DL 0.0 0.0 0.0 5.0 0 0 0 0)
   (DL 0.0 5.0 1.0 5.0 0 0 0 0)
   (DL 1.0 5.0 1.0 4.5 0 0 0 0)
   (DL 1.0 4.5 1.2 4.5 0 0 0 0)
   (DL 1.2 4.5 1.2 5.0 0 0 0 0)
   (DL 1.2 5.0 8.0 5.0 0 0 0 0)
   (DL 8.0 5.0 8.0 0.0 0 0 0 0)
   (DL 8.0 0.0 7.0 0.0 0 0 0 0)
   (DL 7.0 0.0 7.0 0.5 0 0 0 0)
   (DL 7.0 0.5 6.8 0.5 0 0 0 0)
   (DL 6.8 0.5 6.8 0.0 0 0 0 0)
   (DL 6.8 0.0 0.0 0.0 0 0 0 0)
)
(VOID 82
   (POLYGON 82
      (DL 1.5 2.5 2.5 4.5 0 0 0 0)
      (DL 2.5 4.5 3.5 4.5 0 0 0 0)
      (DL 3.5 4.5 4.0 2.5 0 0 0 0)
      (DL 4.0 2.5 3.5 1.0 0 0 0 0)
      (DL 3.5 1.0 2.5 1.0 0 0 0 0)
      (DL 2.5 1.0 1.5 2.5 0 0 0 0)
   )
)
(VOID 82
   (POLYGON 82
      (DL 5.0 2.0 5.0 3.0 0 0 0 0)
      (DL 5.0 3.0 7.0 3.0 0 0 0 0)
      (DL 7.0 3.0 7.0 2.0 0 0 0 0)
      (DL 7.0 2.0 5.0 2.0 0 0 0 0)
   )
)