29.15 22.75 3533 12 1 0 0 0 0
28.8513 23.0487 3533 12 1 0 0 0 0
28.7275 23.1 3533 12 1 0 0 0 0
28.3059 23.1 3533 12 1 0 0 0 0
28.2105 23.0605 3533 12 1 0 0 0 0
28.1145 22.9645 3533 12 1 0 0 0 0
28.0191 22.925 3533 12 1 0 0 0 0
23.8809 22.925 3533 12 1 0 0 0 0
23.7855 22.8855 3533 12 1 0 0 0 0
23.5395 22.6395 3533 12 1 0 0 0 0
23.4441 22.6 3533 12 1 0 0 0 0
13.5559 22.6 3533 12 1 0 0 0 0
13.4605 22.6395 3533 12 1 0 0 0 0
12.4395 23.6605 3533 12 1 0 0 0 0
12.3441 23.7 3533 12 1 0 0 0 0
8.96661 23.7 3533 12 1 0 0 0 0
8.87115 23.7395 3533 12 1 0 0 0 0
7.63954 24.9712 3533 12 1 0 0 0 0
7.6 25.0666 3533 12 1 0 0 0 0
7.6 25.4 3533 12 1 0 0 0 0
7.35 25.65 3533 12 1 0 0 0 0
6.675 25.65 3533 12 1 0 0 0 0
6.55 25.525 3533 12 1 0 0 0 0
6.55 25.375 3533 12 1 0 0 0 0
6.675 25.25 3533 12 1 0 0 0 0
7.025 25.25 3533 12 1 0 0 0 0
7.15 25.125 3533 12 1 0 0 0 0
7.15 24.975 3533 12 1 0 0 0 0
7.025 24.85 3533 12 1 0 0 0 0
6.575 24.85 3533 12 1 0 0 0 0
6.45 24.725 3533 12 1 0 0 0 0
6.45 24.575 3533 12 1 0 0 0 0
6.575 24.45 3533 12 1 0 0 0 0
7.075 24.45 3533 12 1 0 0 0 0
7.2 24.325 3533 12 1 0 0 0 0
7.2 24.175 3533 12 1 0 0 0 0
7.075 24.05 3533 12 1 0 0 0 0
6.05 24.05 3533 12 1 0 0 0 0
5.8 23.8 3533 12 1 0 0 0 0
5.8 23.7 3533 12 1 0 0 0 0
6.05 23.45 3533 12 1 0 0 0 0
6.4 23.45 3533 12 1 0 1 0 0