29.15 22.1 3533 12 1 0 0 0 0
28.8689 22.3811 3533 12 1 0 0 0 0
28.7629 22.425 3533 12 1 0 0 0 0
25.4309 22.425 3533 12 1 0 0 0 0
25.3355 22.3855 3533 12 1 0 0 0 0
25.05 22.1 3533 12 1 0 0 0 0
25.05 22.1 3533 12 4095 1 0 0 0
24.5571 22.5929 3533 12 6 0 0 0 0
24.4192 22.65 3533 12 6 0 0 0 0
13.5308 22.65 3533 12 6 0 0 0 0
13.3929 22.7071 3533 12 6 0 0 0 0
12.4571 23.6429 3533 12 6 0 0 0 0
12.3192 23.7 3533 12 6 0 0 0 0
8.28077 23.7 3533 12 6 0 0 0 0
8.14289 23.6429 3533 12 6 0 0 0 0
7.58211 23.0821 3533 12 6 0 0 0 0
7.44423 23.025 3533 12 6 0 0 0 0
3.00577 23.025 3533 12 6 0 0 0 0
2.86789 23.0821 3533 12 6 0 0 0 0
2.35 23.6 3533 12 6 0 0 0 0
2.35 23.6 3533 12 4095 1 0 0 0
2.35 35.05 3533 12 1 0 0 0 0
2.35 35.9441 3533 12 1 0 0 0 0
2.38954 36.0395 3533 12 1 0 0 0 0
6.61046 40.2605 3533 12 1 0 0 0 0
6.70592 40.3 3533 12 1 0 0 0 0
10.4941 40.3 3533 12 1 0 0 0 0
10.5895 40.2605 3533 12 1 0 0 0 0
11.4605 39.3895 3533 12 1 0 0 0 0
11.5 39.2941 3533 12 1 0 0 0 0
11.5 38.9 3533 12 1 0 1 0 0